2.1094237467877973e-16
-5.218048215738236e-16
6.716849298982197e-16
2.2204460492503132e-17
4.4408920985006264e-17
3.3306690738754695e-17
-8.049116928532385e-17
2.2204460492503132e-17
3.3306690738754695e-17
2.2204460492503132e-17
-2.7755575615628914e-17
1.1102230246251566e-17
0.0
2.2204460492503132e-17
-1.1102230246251566e-17
-4.163336342344337e-17
0.0
0.0
-1.9984014443252818e-16
9.159339953157541e-17
2.7200464103316337e-16
-1.6653345369377347e-17
3.3306690738754695e-17
1.1102230246251566e-17
1.1102230246251566e-17
6.661338147750939e-17
8.881784197001253e-17
8.881784197001253e-17
7.077671781985372e-17
4.9960036108132046e-17
-1.1102230246251566e-17
-2.525757381022231e-16
3.219646771412954e-16
1.7763568394002506e-16
-3.164135620181696e-16
-2.3869795029440865e-16
-1.3877787807814457e-16
-2.0483614804334137e-15
-1.0463852007092101e-15
1.5432100042289676e-15
2.3536728122053318e-15
-1.965094753586527e-15
5.42343947529389e-15
1.2323475573339237e-15
6.38378239159465e-16
7.105427357601002e-16
6.106226635438361e-16
-4.2188474935755947e-16
1.1102230246251565e-16
-8.881784197001253e-17
2.7755575615628914e-16
2.0816681711721684e-18
-9.992007221626409e-17
4.996003610813204e-16
1.3322676295501878e-16
2.331468351712829e-16
-1.432187701766452e-15
-7.271960811294775e-16
2.4952262478450395e-15
5.703770789011742e-16
-2.4424906541753446e-16
-6.522560269672795e-16
1.559863349598345e-15
2.7755575615628915e-18
-4.496403249731884e-16
3.175237850427948e-15
1.279532035880493e-15
-4.2188474935755947e-16
-2.0483614804334137e-15
-1.5393936125818186e-15
1.6875389974302379e-15
1.4266365866433261e-15
-2.0261570199409106e-16
2.4868995751603505e-15
6.272760089132135e-16
3.3306690738754696e-16
1.3322676295501878e-16
4.440892098500626e-16
1.609823385706477e-15
1.2406742300186125e-15
-6.161737786669619e-16
-8.992806499463768e-16
-4.1078251911130794e-16
2.1094237467877973e-16
-2.831068712794149e-16
-1.2212453270876723e-16
4.662936703425658e-16
-2.1094237467877973e-16
-1.0491607582707729e-15
